/Users/christinabannon/PycharmProjects/AIPuzzle/venv/bin/python /Users/christinabannon/PycharmProjects/AIPuzzle/main.py
Select an action
1. Select a puzzle to solve
2. Exit the program
1
Select a puzzle type 1 through 4
3
||||||||||||[3][3]||||||||||||
|||[ ][ ][3][3][ ][ ][ ][ ]|||
||||||[ ][ ][3][3][ ][ ]||||||
|||||||||[ ][ ][ ][ ]|||||||||
[ ][ ][ ][ ][ ][ ][ ][ ][ ][ ]

    ||||||||||||[3][3]||||||||||||
    |||[ ][ ][3][3][ ][ ][ ][ ]|||
    ||||||[ ][ ][3][3][ ][ ]||||||
    |||||||||[ ][ ][ ][ ]|||||||||
    [5][5][5][5][5][5][ ][ ][ ][ ]

        ||||||||||||[3][3]||||||||||||
        |||[ ][ ][3][3][4][4][4][4]|||
        ||||||[ ][ ][3][3][4][4]||||||
        |||||||||[ ][ ][ ][ ]|||||||||
        [5][5][5][5][5][5][ ][ ][ ][ ]

            ||||||||||||[3][3]||||||||||||
            |||[2][2][3][3][4][4][4][4]|||
            ||||||[2][2][3][3][4][4]||||||
            |||||||||[2][2][ ][ ]|||||||||
            [5][5][5][5][5][5][ ][ ][ ][ ]

                ||||||||||||[3][3]||||||||||||
                |||[2][2][3][3][4][4][4][4]|||
                ||||||[2][2][3][3][4][4]||||||
                |||||||||[2][2][1][1]|||||||||
                [5][5][5][5][5][5][1][1][1][1]

                    ||||||||||||[3][3]||||||||||||
                    |||[2][2][3][3][4][4][4][4]|||
                    ||||||[2][2][3][3][4][4]||||||
                    |||||||||[2][2][1][1]|||||||||
                    [5][5][5][5][5][5][1][1][1][1]

                    COMPLETED
backtracks = 0


Select an action
1. Select a puzzle to solve
2. Exit the program