/Users/christinabannon/PycharmProjects/AIPuzzle/venv/bin/python /Users/christinabannon/PycharmProjects/AIPuzzle/main.py
Select an action
1. Select a puzzle to solve
2. Exit the program
1
Select a puzzle type 1 through 4
2
|||[1][1][1][1]|||
[1][1][ ][ ][ ][ ]
|||[ ][ ][ ][ ]|||
[ ][ ][ ][ ][ ][ ]
|||[ ][ ][ ][ ]|||
[ ][ ][ ][ ][ ][ ]

    |||[1][1][1][1]|||
    [1][1][2][2][ ][ ]
    |||[2][2][ ][ ]|||
    [2][2][ ][ ][ ][ ]
    |||[ ][ ][ ][ ]|||
    [ ][ ][ ][ ][ ][ ]

        |||[1][1][1][1]|||
        [1][1][2][2][3][3]
        |||[2][2][3][3]|||
        [2][2][ ][ ][3][3]
        |||[ ][ ][ ][ ]|||
        [ ][ ][ ][ ][ ][ ]

            |||[1][1][1][1]|||
            [1][1][2][2][3][3]
            |||[2][2][3][3]|||
            [2][2][4][4][3][3]
            |||[4][4][4][4]|||
            [ ][ ][ ][ ][ ][ ]

                |||[1][1][1][1]|||
                [1][1][2][2][3][3]
                |||[2][2][3][3]|||
                [2][2][4][4][3][3]
                |||[4][4][4][4]|||
                [5][5][5][5][5][5]

                    |||[1][1][1][1]|||
                    [1][1][2][2][3][3]
                    |||[2][2][3][3]|||
                    [2][2][4][4][3][3]
                    |||[4][4][4][4]|||
                    [5][5][5][5][5][5]

                    COMPLETED
backtracks = 0


Select an action
1. Select a puzzle to solve
2. Exit the program
